KfarYarok=32.132497,34.818516,30,0
Fayetteville=35.040806,-78.999846,254,0
